     1  04
     2  06
     3  04
     4  03
     5  03
     6  02
     7  10
     8  07
     9  16
    10  12
    11  15
    12  14
    13  03
    14  04
    15  08
    16  15
    17  04
    18  09
    19  01
    20  10
    21  11
    22  04
    23  10
    24  12
    25  16
    26  01
    27  12
    28  01
    29  06
    30  12
    31  16
    32  01
    33  10
    34  11
    35  08
    36  16
    37  09
    38  02
    39  15
    40  10
    41  14
    42  06
    43  14
    44  07
    45  13
    46  04
    47  16
    48  11
    49  08
    50  05
    51  10
    52  08
    53  16
    54  03
    55  15
    56  04
    57  16
    58  16
    59  10
    60  11
    61  13
    62  14
    63  04
    64  10
    65  13
    66  07
    67  04
    68  12
    69  06
    70  04
    71  09
    72  05
    73  04
    74  03
    75  01
    76  14
    77  07
    78  02
    79  15
    80  12
    81  15
    82  12
    83  07
    84  03
    85  01
    86  11
    87  15
    88  11
    89  03
    90  15
    91  05
    92  01
    93  01
    94  11
    95  16
    96  06
    97  13
    98  14
    99  11
   100  04
   101  14
   102  15
   103  09
   104  09
   105  14
   106  16
   107  12
   108  13
   109  06
   110  01
   111  12
   112  16
   113  02
   114  12
   115  05
   116  02
   117  02
   118  01
   119  10
   120  11
   121  01
   122  12
   123  09
   124  05
   125  15
   126  11
   127  14
   128  09
   129  04
   130  08
   131  02
   132  15
   133  02
   134  01
   135  10
   136  01
   137  01
   138  16
   139  05
   140  09
   141  02
   142  06
   143  13
   144  13
   145  12
   146  09
   147  05
   148  07
   149  16
   150  07
   151  07
   152  14
   153  14
   154  03
   155  16
   156  06
   157  03
   158  03
   159  09
   160  03
   161  03
   162  13
   163  12
   164  10
   165  13
   166  11
   167  09
   168  10
   169  08
   170  03
   171  10
   172  12
   173  01
   174  05
   175  10
   176  01
   177  05
   178  12
   179  11
   180  07
   181  10
   182  11
   183  07
   184  13
   185  01
   186  07
   187  16
   188  06
   189  14
   190  04
   191  07
   192  02
   193  02
   194  07
   195  03
   196  01
   197  06
   198  07
   199  12
   200  13
   201  16
   202  03
   203  09
   204  10
   205  04
   206  15
   207  15
   208  06
   209  06
   210  14
   211  07
   212  05
   213  16
   214  05
   215  04
   216  14
   217  02
   218  16
   219  03
   220  14
   221  05
   222  09
   223  07
   224  12
   225  16
   226  15
   227  07
   228  06
   229  12
   230  11
   231  03
   232  07
   233  13
   234  12
   235  11
   236  06
   237  11
   238  04
   239  16
   240  04
   241  05
   242  16
   243  05
   244  16
   245  08
   246  13
   247  12
   248  14
   249  10
   250  12
   251  09
   252  14
   253  06
   254  05
   255  08
   256  16
   257  02
   258  03
   259  12
   260  16
   261  04
   262  11
   263  11
   264  11
   265  02
   266  02
   267  08
   268  12
   269  16
   270  03
   271  03
   272  10
   273  15
   274  07
   275  16
   276  14
   277  16
   278  09
   279  02
   280  01
   281  13
   282  05
   283  11
   284  12
   285  14
   286  16
   287  01
   288  06
   289  02
   290  07
   291  14
   292  01
   293  11
   294  16
   295  02
   296  04
   297  01
   298  03
   299  06
   300  16
